
pre
Out[37]: 
0      4032
1        97
2       748
3       795
4      2184
5        82
6      2805
7      2675
8      1664
9       473
10      225
11     3426
12     2380
13     4675
14     4575
15      103
16       98
17       82
18       69
19     1088
20     1780
21     5358
22       53
23     4582
24      290
25     8000
26     1335
27     3954
28       52
29       57
30       10
31        9
32     1303
33        9
34       98
35    59166
Name: ISCED-3 - Pre-Degree Junior Colleges/ Higher Sec. Schools, dtype: int64
