pre
Out[52]: 
0         0
1      2033
2         0
3         1
4       820
5         0
6         0
7        26
8        14
9         0
10       95
11        0
12        0
13        0
14    55449
15        1
16        0
17        0
18        0
19        0
20        2
21        8
22     1149
23     5923
24        0
25        0
26        0
27        0
28       25
29        0
30        0
31       25
32       51
33       10
34      533
35    66165
Name: ISCED-0 - Pre-Primary/ Pre Basic Schools*, dtype: int64
