
pre
Out[46]: 
0      62464
1       1561
2      31042
3      45980
4      34034
5       1253
6      17443
7      13602
8      11517
9      13369
10     19818
11     28871
12      6802
13     98463
14     42467
15      2563
16      6618
17      1752
18      1662
19     49765
20     13238
21     55361
22       772
23     29364
24      2151
25    127247
26     15356
27     49913
28       226
29        30
30       174
31        50
32      2569
33        21
34       309
35    787827
Name: ISCED-1 - Primary/Jr Basic Schools, dtype: int64
