
pre
Out[55]: 
0      78757
1       4058
2      34793
3      39331
4      28165
5       1112
6      41968
7      17444
8      18248
9      16409
10     28587
11     53552
12     31800
13     67607
14     76198
15      7639
16      3195
17      1549
18      3242
19     40983
20     20169
21     50209
22       982
23     50433
24      7315
25    145607
26      8611
27     86829
28       672
29       370
30      6090
31       219
32       102
33        87
34       564
35    972896
Name: ISCED-0 - Institutions imparting pre-school education under ICDS, dtype: int64
