pre
Out[40]: 
0      16937
1        163
2       5072
3       2951
4       2042
5        375
6       5523
7       3420
8       1300
9       1025
10      1429
11     11835
12      3145
13      4997
14     15762
15       701
16       676
17       508
18       337
19      7434
20      2330
21      8309
22       111
23      2990
24       423
25      7518
26      1027
27      4686
28        44
29        69
30        34
31        19
32       465
33         4
34       163
35    113824
Name: ISCED-3 - High/Post Basic Schools, dtype: int64
