pre
Out[43]: 
0      17957
1        664
2      13023
3      16245
4      14066
5        442
6      23927
7       3196
8       5009
9       5202
10      9996
11     27570
12      3042
13     38107
14     26863
15       769
16      2259
17      1090
18       465
19     20013
20      2477
21     34211
22       221
23      8629
24      1021
25     42201
26      4263
27      1283
28        64
29        11
30       108
31        24
32       640
33         4
34       112
35    325174
Name: ISCED-2 - Middle / Sr Basic Schools, dtype: int64
